[[0,[0]],
[1,[0]],
[2,[0]],
[3,[0]],
[4,[0]],
[5,[0]],
[6,[0]],
[7,[0]],
[8,[0]],
[9,[0]],
[10,[0]],
[11,[0]],
[12,[1,0]],
[13,[1,0]],
[14,[1,0]],
[15,[1,0]],
[16,[1,0]],
[17,[1]],
[18,[1]],
[19,[1,2]],
[20,[1,2]],
[21,[2]],
[22,[3,2]],
[23,[3]],
[24,[3,4]],
[25,[4]],
[26,[5]],
[27,[6,5]],
[28,[6,7]],
[29,[7,8]],
[30,[9,8]],
[31,[10]],
[32,[11]],
[33,[12,13]],
[34,[14]],
[35,[15,16]],
[36,[18,17]],
[37,[19]],
[38,[21,22]],
[39,[23]],
[40,[25]],
[41,[28,27]],
[42,[29,30]],
[43,[32,31]],
[44,[34]],
[45,[37,38]],
[46,[39,40]],
[47,[43,42]],
[48,[45,44]],
[49,[47,48]],
[50,[49,50]],
[51,[52,53]],
[52,[55,56]],
[53,[58]],
[54,[60,61]],
[55,[64,63]],
[56,[66,65]],
[57,[68]],
[58,[71,70]],
[59,[72,73]],
[60,[75]],
[61,[77,76]],
[62,[79]],
[63,[81]],
[64,[83]],
[65,[84,85]],
[66,[86]],
[67,[87,88]],
[68,[89]],
[69,[90]],
[70,[92,91]],
[71,[92,93]],
[72,[94,93]],
[73,[94,95]],
[74,[95]],
[75,[96]],
[76,[97,96]],
[77,[97]],
[78,[98,97]],
[79,[98]],
[80,[98,99]],
[81,[98,99]],
[82,[99]],
[83,[99]],
[84,[99,100]],
[85,[99,100]],
[86,[99,100]],
[87,[99,100]],
[88,[99,100]],
[89,[100]],
[90,[100]],
[91,[100]],
[92,[100]],
[93,[100]],
[94,[100]],
[95,[100]],
[96,[100]],
[97,[100]],
[98,[100]],
[99,[100]],
[100,[100]]]